rhocov,rhomev,Env,Pv,Ncov,Nmev
0.0,0.001174053531447181,-2888.6018453501415,52.098298114777855,0.0,46.145
0.0,0.0019518878485650314,-7333.081691485807,80.0445866585872,0.0,76.717
0.0,0.0018178556889883982,-6760.2003126040045,74.64856859329844,0.0,71.449
0.0,0.001832459800529208,-5931.89906127274,84.8723540062703,0.0,72.023
0.0,0.0016747404844290657,-5217.129368187678,80.73999272614724,0.0,65.824
0.0,0.00181236006513332,-5860.823732436587,83.37733514898378,0.0,71.233
0.0,0.00201221249745573,-7058.607239931865,96.76474548766717,0.0,79.088
0.0,0.0021955526155098717,-9547.178427687582,91.39406869008093,0.0,86.294
0.0,0.0019182525951557095,-7449.3444335438535,81.54856660073288,0.0,75.395
0.0,0.0019055821290453899,-6866.695145398085,82.35749725131231,0.0,74.897
0.0,0.0019959546102177894,-7641.5340491229,84.4526123228805,0.0,78.449
0.0,0.0018260736820679827,-6648.857529048421,78.62541167907574,0.0,71.772
0.0,0.002102534093222064,-8379.047937899488,91.53446674326274,0.0,82.638
0.0,0.0021888102992061874,-9258.58947491837,95.6970311409102,0.0,86.029
0.0,0.0019534398534500307,-7174.72820323742,80.81947713957466,0.0,76.778
0.0,0.0016610268674944024,-5539.282831684968,71.2182412309697,0.0,65.285
0.0,0.001981223285161816,-7155.144822556858,79.70791349928012,0.0,77.87
0.0,0.002049282515774476,-8052.517944403757,91.20140812922581,0.0,80.545
0.0,0.0019362914716059435,-7065.827431491766,86.3787928623319,0.0,76.104
0.0,0.0019644056584571545,-6838.229570111665,89.49155735360867,0.0,77.209
0.0,0.0022338947689802564,-8336.231982593927,93.51434418615725,0.0,87.801
0.0,0.0018842357012008955,-6717.858944039157,73.28503083143332,0.0,74.058
0.0,0.0018715397923875431,-6623.63730667688,83.15544304863853,0.0,73.559
0.0,0.00195150620801954,-7380.752244750457,81.99872076066909,0.0,76.702
0.0,0.0018233258701404438,-6294.4465793866775,71.74532590612138,0.0,71.664
0.0,0.0016949928760431505,-5680.950355510774,69.8401915091911,0.0,66.62
0.0,0.0018559943008345206,-6222.389802885418,78.36737020822224,0.0,72.948
0.0,0.0017563861184612252,-5990.833090773657,72.40303773289133,0.0,69.033
0.0,0.0019402350905760228,-7004.178518948855,90.08805476210468,0.0,76.259
0.0,0.0018838286179523713,-6401.225629506068,88.06064881341236,0.0,74.042
0.0,0.002025391817626705,-7503.016999887308,85.85264997246266,0.0,79.606
0.0,0.0017132352941176471,-5895.769900783075,77.5369737541439,0.0,67.337
0.0,0.0019370801953999593,-6818.575819228269,88.26241431430184,0.0,76.135
0.0,0.0018104518624058618,-5930.845678649949,81.94352030462207,0.0,71.158
0.0,0.0019337472013026664,-7080.869190693454,81.02912377059926,0.0,76.004
0.0,0.002079432118868309,-8551.63614605338,86.98518096652397,0.0,81.73
0.0,0.0019241298595562791,-7125.201338938348,86.25533097145964,0.0,75.626
0.0,0.001746895990230002,-6305.831286956655,64.32470806829294,0.0,68.66
0.0,0.0016090219824954203,-5361.930047361905,68.55898347621712,0.0,63.241
0.0,0.0018429421941787093,-6284.612289598595,85.62254180581571,0.0,72.435
0.0,0.0021370343985345004,-8401.304260041066,97.19935434928932,0.0,83.994
0.0,0.0016825259515570931,-5400.413350981739,72.64442066693718,0.0,66.13
0.0,0.0018601669041318951,-8413.94495984082,86.29770680421987,0.0,73.112
0.0,0.002145837573783839,-9245.485611362075,84.10749531962212,0.0,84.34
0.0,0.001889044372074089,-6812.830737322865,87.61780507824825,0.0,74.247
0.0,0.002452829228577244,-11696.113286759455,106.02036792756104,0.0,96.406
0.0,0.0017638917158558924,-5860.52576334566,72.69258596463656,0.0,69.328
0.0,0.0019135202523916138,-7181.766491832842,82.17298766752076,0.0,75.209
0.0,0.002075463057195196,-8899.667429752344,98.61311829377335,0.0,81.574
0.0,0.0021493995522084267,-9081.825330634907,92.02488892386906,0.0,84.48
0.0,0.0020045033584368,-7466.089997249905,84.17752266887805,0.0,78.785
0.0,0.0018451302666395277,-5848.716735801985,84.49196950307976,0.0,72.521
0.0,0.0019114848361489925,-7315.167521567768,77.42214895221541,0.0,75.129
0.0,0.001868817423163037,-7006.6227582007505,73.42203437294854,0.0,73.452
0.0,0.0017352941176470586,-5541.094867129406,73.79503763547187,0.0,68.204
0.0,0.0018613627111744354,-6329.419923111085,83.028771867373,0.0,73.159
0.0,0.0018017504579686545,-6618.880705963701,81.2704440606261,0.0,70.816
0.0,0.0018408558925300223,-6045.739378507044,77.87341230408461,0.0,72.353
0.0,0.0018388204762874007,-6334.120767946783,81.29436558821408,0.0,72.273
0.0,0.0019449674333401176,-6680.705643149782,83.86382234895783,0.0,76.445
0.0,0.001908558925300224,-7134.337224098921,78.35002242408116,0.0,75.014
0.0,0.0018264298799104415,-6343.869529829999,79.5160982221482,0.0,71.786
0.0,0.0016465245267657236,-5461.63691010223,69.48800431166033,0.0,64.715
0.0,0.002096656828821494,-8922.267164886567,84.8483410493569,0.0,82.407
0.0,0.0020952829228577247,-8072.606694457415,96.20832183009196,0.0,82.353
0.0,0.002247837370242215,-9262.489151670494,92.4239488233967,0.0,88.349
0.0,0.0022605841644616326,-9337.216076013245,97.93509130840486,0.0,88.85
0.0,0.0018368613881538773,-6085.700682512584,74.67905348092951,0.0,72.196
0.0,0.001911204966415632,-6666.991959409949,83.36446374119903,0.0,75.118
0.0,0.0018415174028088743,-6246.498683887571,90.61684231548529,0.0,72.379
0.0,0.0018238347242010994,-6504.737628619138,78.2016392626147,0.0,71.684
0.0,0.001736286383065337,-4718.776414001521,90.15770406738613,0.0,68.243
0.0,0.0016449216364746591,-4839.560735498173,78.11196118026005,0.0,64.652
0.0,0.0017976032973743132,-5782.3060346661505,83.81186802498482,0.0,70.653
0.0,0.0018729136983513131,-6512.930675298645,86.96762313158797,0.0,73.613
0.0,0.0018021829839202114,-6562.065343401331,71.54391597873236,0.0,70.833
0.0,0.0020898381844087115,-7789.257430412099,93.27334417039948,0.0,82.139
0.0,0.0019535416242621615,-6630.700243171564,85.23952695139229,0.0,76.782
0.0,0.0018046763688174235,-5898.256551998103,79.4676860127316,0.0,70.931
0.0,0.0018971605943415427,-7256.302580622331,78.16867266851413,0.0,74.566
0.0,0.001855205577040505,-6830.6357302567385,76.8661471472601,0.0,72.917
0.0,0.001882963566049257,-6186.299606702022,80.18146554575543,0.0,74.008
0.0,0.001809892122939141,-6091.690802143292,70.89463888896647,0.0,71.136
0.0,0.0022147364135965803,-9783.557048656836,87.35424017167794,0.0,87.048
0.0,0.0017997404844290656,-5922.0833125549125,87.60509792054755,0.0,70.737
0.0,0.001827269489110523,-6443.847210808905,77.05131742841765,0.0,71.819
0.0,0.001892606350498677,-6463.047675886251,79.66802352305898,0.0,74.387
0.0,0.0020525391817626704,-7964.574311820689,93.20803524821494,0.0,80.673
0.0,0.0019430083452065946,-7153.792301395758,81.59445212866623,0.0,76.368
0.0,0.0017322918786891919,-5405.138945457608,75.73292752535176,0.0,68.086
0.0,0.0016229645837573786,-4870.791137181548,78.68472840768207,0.0,63.789
0.0,0.0018923264807653164,-6406.961214221128,75.66524555717636,0.0,74.376
0.0,0.001659881945857928,-5579.268272931894,72.43552663469605,0.0,65.24
0.0,0.002001526562181966,-7209.340886838537,97.14068178295705,0.0,78.668
0.0,0.002024552208426623,-7930.708725802153,81.34363567061921,0.0,79.573
0.0,0.0018953796051292488,-6445.340511587845,84.22104397184877,0.0,74.496
0.0,0.0017329788316710769,-5784.463282062354,70.78690772845601,0.0,68.113
0.0,0.0019198809281498067,-6372.530905178614,81.22705899215107,0.0,75.459
0.0,0.0019370293099938935,-7226.456563124189,80.63443749874514,0.0,76.133
0.0,0.0023042184001628332,-10585.058055346504,99.66343388996707,0.0,90.565
0.0,0.0020038418481579476,-7402.812080799249,93.2828113068279,0.0,78.759
0.0,0.0016971809485039691,-5047.978105636161,75.71933499336045,0.0,66.706
0.0,0.0018721758599633627,-6845.342467444065,74.95166352754305,0.0,73.584
0.0,0.001903546712802768,-7528.028682566172,75.07742106317941,0.0,74.817
0.0,0.0019914766944840218,-7215.130177791076,93.63661641970658,0.0,78.273
0.0,0.0017940667616527582,-6162.866992002513,77.69615017585055,0.0,70.514
0.0,0.0016440820272745778,-5078.665844859605,74.41427368677628,0.0,64.619
0.0,0.0017479136983513128,-5783.897436287956,76.16491964486083,0.0,68.7
0.0,0.0021126857317321393,-7904.574484464316,89.82194396200921,0.0,83.037
0.0,0.001958782821086912,-7352.436285371677,89.04773646908566,0.0,76.988
0.0,0.001791522491349481,-5952.389607385213,83.67953679038165,0.0,70.414
0.0,0.0016173926317932018,-4897.288939335511,68.70612231207096,0.0,63.57
0.0,0.0020065387746794217,-7382.347046140885,79.84554660204981,0.0,78.865
0.0,0.0017137441481783022,-5025.164081887026,78.74546411253529,0.0,67.357
0.0,0.0021095308365560754,-8956.664859814593,87.16774876108252,0.0,82.913
0.0,0.0019610981070628942,-7207.081170071189,87.30174570084422,0.0,77.079
0.0,0.0023360726643598616,-9768.378649096894,99.96296382383957,0.0,91.817
0.0,0.0023329940972928965,-10536.055459076919,91.45668220278279,0.0,91.696
0.0,0.002420516995725626,-11037.683738953807,97.5004322918331,0.0,95.136
0.0,0.0019409220435579076,-6917.1578969825805,86.76210793476564,0.0,76.286
0.0,0.0021157642987991044,-9006.958785089888,86.04805211435834,0.0,83.158
0.0,0.0020570934256055368,-8185.228341930235,90.51199035947776,0.0,80.852
0.0,0.0017651129656014654,-6082.373522854319,76.66428228379498,0.0,69.376
0.0,0.0017291369835131286,-5926.2733274839,69.40994488524579,0.0,67.962
0.0,0.0019998727864848362,-7337.600069359394,100.12038886412745,0.0,78.603
0.0,0.0019391664970486464,-7652.61516787974,81.42782800144307,0.0,76.217
0.0,0.0023046254834113576,-10523.937293294224,88.29683456024203,0.0,90.581
0.0,0.0024631589660085488,-11892.928372666693,107.63638399643108,0.0,96.812
0.0,0.0018155912884184817,-6302.882733216155,79.77409975697971,0.0,71.36
0.0,0.001770812131080806,-5614.15388417247,73.79739774411827,0.0,69.6
0.0,0.001932118868308569,-7383.219019190256,81.41046806184805,0.0,75.94
0.0,0.0015403012416039079,-5137.798694921422,68.24965927558637,0.0,60.54
0.0,0.0018161764705882356,-6661.672738084691,77.2386036003991,0.0,71.383
0.0,0.0018509057602279669,-6765.8074091763665,72.5778356555762,0.0,72.748
0.0,0.0020206849175656424,-7418.008602077312,83.34037213164271,0.0,79.421
0.0,0.001977966619173621,-7307.182848582356,90.85932180861106,0.0,77.742
0.0,0.002186215143496845,-8807.62650496311,94.31759955533839,0.0,85.927
0.0,0.0018271168328923264,-5788.45102194389,84.56297898866096,0.0,71.813
0.0,0.0017932780378587421,-5684.054793601083,82.12056214155962,0.0,70.483
0.0,0.001689726236515367,-5027.696235332748,79.98638707831796,0.0,66.413
0.0,0.001947308162019133,-7677.090368650432,80.32394833863741,0.0,76.537
0.0,0.0020880571951964176,-8014.085774057854,91.80721303311157,0.0,82.069
0.0,0.0020140189293710565,-7462.823181469779,85.45445647991735,0.0,79.159
0.0,0.0016989364950132301,-5584.471123441698,72.15572712911346,0.0,66.775
0.0,0.0016269082027274577,-4898.298827230197,69.20845015351728,0.0,63.944
0.0,0.0016725778546712803,-4732.3614119768945,69.76037844018902,0.0,65.739
0.0,0.002146168328923265,-8523.348964049388,98.67449721658116,0.0,84.353
0.0,0.002019641766741299,-7216.556906785219,91.98568066944179,0.0,79.38
0.0,0.0021263230205577043,-8811.704643780953,86.59220548677827,0.0,83.573
0.0,0.0019437207408915125,-6861.922928789131,85.57825250359205,0.0,76.396
0.0,0.002066227355994301,-8773.435180660777,93.56521242907127,0.0,81.211
0.0,0.0019609708935477304,-8072.811895938208,86.56638354953964,0.0,77.074
0.0,0.0020991502137187056,-8625.477319992964,91.29273453160978,0.0,82.505
0.0,0.0022748320781599838,-9614.946630811835,95.58749601978273,0.0,89.41
0.0,0.002116247710156727,-8438.789627944088,93.11936254371005,0.0,83.177
0.0,0.0021350753104009764,-8643.423858086839,84.36454195319804,0.0,83.917
0.0,0.0015959444331365765,-3970.366867047552,80.11356714298888,0.0,62.727
0.0,0.001624236718909017,-4866.912675443978,72.1074215503097,0.0,63.839
0.0,0.0018191023814370037,-6116.497289879206,73.70992156221871,0.0,71.498
0.0,0.002191430897618563,-9309.63866983378,88.65614953402634,0.0,86.132
0.0,0.0019750407083248523,-7790.148895790632,82.12226430372166,0.0,77.627
0.0,0.0020545237125992265,-8836.389125933647,82.13858779113902,0.0,80.751
0.0,0.0019932322409932837,-7464.142390644843,79.77153086263893,0.0,78.342
0.0,0.0017848819458579279,-6116.867798025343,74.59930731579391,0.0,70.153
0.0,0.0019550173010380624,-7397.7140989650825,75.11890559732083,0.0,76.84
0.0,0.0019301597801750462,-7044.8125058120095,82.94325223236036,0.0,75.863
0.0,0.0019349684510482394,-6913.553779863038,80.13286319608332,0.0,76.052
0.0,0.00199384286586607,-7829.879932618456,89.34431207803404,0.0,78.366
0.0,0.001972089354773051,-7317.412225093026,81.80162338788591,0.0,77.511
0.0,0.001863067372277631,-6587.799472767593,83.89739455549449,0.0,73.226
0.0,0.0016776155098717686,-5422.875283860335,69.27130563077534,0.0,65.937
0.0,0.0017792591084876857,-5486.510900396435,80.2567509606683,0.0,69.932
0.0,0.0017436138815387747,-5984.7468065780495,74.65958552625978,0.0,68.531
0.0,0.0019593171178506003,-7260.750441525474,77.4633510322952,0.0,77.009
0.0,0.0017805821290453898,-6249.882433668467,68.15918331357297,0.0,69.984
0.0,0.0017368715652350906,-5241.151495041446,70.86554633471252,0.0,68.266
0.0,0.00174035721555058,-6470.693244390844,71.28984497852369,0.0,68.403
0.0,0.002085563810299206,-8916.166431731333,83.81498463467436,0.0,81.971
0.0,0.0022810400976999794,-10280.774250931081,92.60821933576366,0.0,89.654
0.0,0.0019040810095664563,-6861.701414592804,80.54540296643403,0.0,74.838
0.0,0.001807246081823733,-5799.685062900915,77.51384964984882,0.0,71.032
0.0,0.0015699419906370852,-4393.289774592794,67.18717373088089,0.0,61.705
0.0,0.0018502951353551803,-6312.776395309224,80.61675170600776,0.0,72.724
0.0,0.0019631844087115817,-7196.673018176768,82.59462398999476,0.0,77.161
0.0,0.00210378078567067,-8257.760327430864,95.66101666313433,0.0,82.687
0.0,0.0022776816608996546,-10602.506781061378,87.29338888711573,0.0,89.522
0.0,0.0021821951964176673,-8911.414455313357,90.26211305056604,0.0,85.769
0.0,0.002075030531243639,-7989.1493973780625,89.19899005647048,0.0,81.557
0.0,0.0019159118664766946,-7054.806002324265,86.19118933888198,0.0,75.303
0.0,0.0016197333604722167,-4936.115921227284,74.8351680808909,0.0,63.662
0.0,0.0016200641156116427,-5192.929161716724,61.22854504128107,0.0,63.675
0.0,0.001846326073682068,-6820.64881994625,80.21962660536524,0.0,72.568
0.0,0.001704711988601669,-6012.340540887779,79.10018411078559,0.0,67.002
0.0,0.001804243842865866,-6891.927154630305,72.96922179724159,0.0,70.914
0.0,0.0019077447588031755,-6922.825174769415,82.06716326292172,0.0,74.982
0.0,0.0020277325463057194,-7833.214956112533,84.15132190192375,0.0,79.698
0.0,0.0018770354162426215,-6192.71008793125,85.88082422131446,0.0,73.775
0.0,0.0018949979645837573,-7022.1571406607345,75.70614521605523,0.0,74.481
0.0,0.00179096275188276,-6427.360772896145,80.82461138609189,0.0,70.392
0.0,0.0018838540606554042,-6653.982525734023,90.60020574531765,0.0,74.043
0.0,0.0018686647669448405,-5960.36000525475,90.93490692819995,0.0,73.446
0.0,0.0017434357826175452,-5773.441911593988,74.25764411441209,0.0,68.524
0.0,0.0015836556075717486,-4590.971493299781,66.96206389260085,0.0,62.244
0.0,0.0019276155098717689,-7476.773364590131,78.1663001058977,0.0,75.763
0.0,0.0015911103195603502,-4944.869966459264,72.1338277814984,0.0,62.537
0.0,0.0017848565031548952,-6601.53309264116,77.29991317449353,0.0,70.152
0.0,0.0020049358843883575,-7356.503327984241,94.51024892794202,0.0,78.802
0.0,0.0019178455119071849,-6921.360641708309,78.72863625732018,0.0,75.379
0.0,0.0019303887645023409,-6287.9652160367405,85.7349928107592,0.0,75.872
0.0,0.0019094239772033381,-6663.050748824131,83.51927128345285,0.0,75.048
0.0,0.0018641359658050072,-6181.512440221665,77.16673989205397,0.0,73.268
0.0,0.0020687207408915127,-7957.765101417716,80.82511690523788,0.0,81.309
0.0,0.0017190107877060857,-6054.334072016524,70.73523182645089,0.0,67.564
0.0,0.0017565642173824547,-5887.378533457411,67.76560598061866,0.0,69.04
0.0,0.0018811316914308976,-7189.275319655837,75.03018895117164,0.0,73.936
0.0,0.0018752289843272949,-6244.954772868427,79.79817189612132,0.0,73.704
0.0,0.0020674740484429065,-7991.571696884662,87.20604384262508,0.0,81.26
0.0,0.0017743486668023612,-6042.686319537258,76.43571541087606,0.0,69.739
0.0,0.0019716313861184616,-7145.754694066448,84.55828964291263,0.0,77.493
0.0,0.002243537553429676,-8788.683290043187,97.01301962950252,0.0,88.18
0.0,0.0022290606554040302,-10728.968995263773,86.81596851416074,0.0,87.611
0.0,0.001869657032363118,-7310.113680247459,84.00909303759863,0.0,73.485
0.0,0.001801139833095868,-5981.877589713562,73.00174008404053,0.0,70.792
0.0,0.0019272084266232445,-7231.9032109658065,77.14103530421272,0.0,75.747
0.0,0.0020139934866680235,-8217.578848850555,86.09350746825213,0.0,79.158
0.0,0.0019019947079177693,-7354.483440215943,78.32125960723414,0.0,74.756
0.0,0.001993054142072054,-7820.3579840581315,85.47727709130943,0.0,78.335
0.0,0.0020573732953388965,-8000.15408390869,86.14877693612416,0.0,80.863
0.0,0.002177361082841441,-9578.324592035697,96.91655313960403,0.0,85.579
0.0,0.0018308823529411763,-7128.152472137559,73.89362743732599,0.0,71.961
0.0,0.0016819916547934051,-5744.160193094013,70.61360753470774,0.0,66.109
0.0,0.0018254121717891309,-6030.976643902134,73.6944088407059,0.0,71.746
0.0,0.0018914614288622024,-6390.72048499672,88.4851207949227,0.0,74.342
0.0,0.0018518980256462447,-6419.547707406994,73.9455729796098,0.0,72.787
0.0,0.0017936596784042336,-5884.972102926155,79.79852590934934,0.0,70.498
0.0,0.002014375127213515,-7540.607494300765,90.19287106853339,0.0,79.173
0.0,0.0019154284551190718,-6732.667461237654,89.93149664713515,0.0,75.284
0.0,0.002041751475676776,-7995.342242547124,79.50837488252425,0.0,80.249
0.0,0.002256208019539996,-9901.986207536209,96.46709005411635,0.0,88.678
0.0,0.001967789537960513,-7822.324957662679,84.0142093390354,0.0,77.342
0.0,0.0019037502544270303,-7360.276932853462,80.10582024170793,0.0,74.825
0.0,0.002041904131894973,-8497.164014210975,85.25205356309544,0.0,80.255
0.0,0.0017924384286586608,-5907.622580900015,76.37282243006885,0.0,70.45
0.0,0.0019825208630164866,-8362.208511736879,84.5135092182764,0.0,77.921
0.0,0.002031218196621209,-7992.609683291794,88.6634794429256,0.0,79.835
0.0,0.002016919397516792,-7077.245034827077,90.37921034646969,0.0,79.273
0.0,0.0019417616527579891,-6583.588886159043,79.83240944545341,0.0,76.319
0.0,0.0020097699979645836,-8306.776098945755,82.27807738222279,0.0,78.992
0.0,0.001912527986973336,-6988.838784324173,79.08800218093575,0.0,75.17
0.0,0.0019333401180541424,-6936.240485552723,80.16707919803754,0.0,75.988
0.0,0.0016905658457154486,-5959.616033184467,65.33220836665406,0.0,66.446
0.0,0.0018213158966008548,-6392.78620005985,76.73950717062186,0.0,71.585
0.0,0.0019666446163240383,-7594.689988729162,79.78029694207262,0.0,77.297
0.0,0.0020355180134337472,-8028.58122671356,86.4049255437272,0.0,80.004
0.0,0.0016787349888052105,-5646.00994378962,84.55416594969918,0.0,65.981
0.0,0.0016784805617748831,-5072.810430971937,70.30926945037275,0.0,65.971
0.0,0.002128129452473031,-8841.060928503577,88.23415874717938,0.0,83.644
0.0,0.001950055973946672,-7754.947639414316,85.51029979075423,0.0,76.645
0.0,0.0016789894158355382,-5303.568987019094,83.14418863650194,0.0,65.991
0.0,0.0017076887848565033,-5469.489232856076,69.45905550027652,0.0,67.119
0.0,0.0018972114797476086,-7169.188156319472,84.53563619446467,0.0,74.568
0.0,0.002033838795033584,-7859.691199576,81.111043659731,0.0,79.938
0.0,0.0021444382251170364,-9932.62204250912,88.90632923037919,0.0,84.285
0.0,0.0019548900875228986,-7815.401392020894,76.04471254419524,0.0,76.835
0.0,0.0019179727254223491,-6720.969503603929,86.20377477577878,0.0,75.384
0.0,0.0017746030938326886,-5469.612412290952,75.30567659191469,0.0,69.749
0.0,0.0019197537146346426,-6814.110245929656,88.03562230294341,0.0,75.454
0.0,0.0018203745165886423,-6054.898065810619,81.1799329300413,0.0,71.548
0.0,0.0017099531854264196,-5312.994648166886,69.53638232153247,0.0,67.208
0.0,0.0016929574598005292,-5359.149371031911,76.42818536327547,0.0,66.54
0.0,0.0020924842255241197,-8214.033572696078,87.38222099184173,0.0,82.243
0.0,0.0018334266232444536,-6253.917873524697,80.7532832427329,0.0,72.061
0.0,0.0017522644005699166,-5781.911122289052,70.86239091881845,0.0,68.871
0.0,0.0019816049257073073,-8203.352230175733,83.20324174926095,0.0,77.885
0.0,0.0020167158558925297,-7504.9135721042585,88.14770495509433,0.0,79.265
0.0,0.0021443110116018725,-8495.086215060179,83.51926415371476,0.0,84.28
0.0,0.002165174028088744,-8388.540663561736,83.49915076964544,0.0,85.1
0.0,0.002087599226541828,-8755.917870926758,93.6673841360568,0.0,82.051
0.0,0.001803836759617342,-6636.8883383562825,71.59282005075666,0.0,70.898
0.0,0.0016384591899043354,-4818.114242490348,70.32087396971316,0.0,64.398
0.0,0.0018504732342764095,-7085.397974375298,78.74957257705574,0.0,72.731
0.0,0.001529259108487686,-4080.367320702885,66.4872266400162,0.0,60.106
0.0,0.0017569967433340118,-5813.175741390556,69.79578293707836,0.0,69.057
0.0,0.002104493181355587,-9405.226093087573,85.35705898487848,0.0,82.715
0.0,0.0021245165886423774,-8195.59891514239,93.28427832725947,0.0,83.502
0.0,0.0018172196214125789,-5597.403203973832,85.71485245885785,0.0,71.424
0.0,0.0017763840830449826,-6078.883133563234,74.00620053458344,0.0,69.819
0.0,0.0017945247303073478,-6105.560400935452,75.61068014299317,0.0,70.532
0.0,0.001827930999389375,-6464.722695559434,74.54117703880922,0.0,71.845
0.0,0.0020982851618155914,-8302.492601358439,83.80339424869389,0.0,82.471
0.0,0.0019790097699979646,-7996.371117830598,87.61151307829275,0.0,77.783
0.0,0.0019217636881742317,-7658.39157700716,83.14547488049695,0.0,75.533
0.0,0.0015292082230816205,-4160.566392687638,70.50769017704297,0.0,60.104
0.0,0.0017309943008345207,-5210.6977825065715,74.65767201987065,0.0,68.035
0.0,0.0018436037044575618,-6797.78803534339,78.71100022839364,0.0,72.461
0.0,0.0018253104009769998,-6597.5845676420195,78.26280379741318,0.0,71.742
0.0,0.0019403114186851212,-6981.5598637970215,85.46892983663832,0.0,76.262
0.0,0.0017012263382861796,-5966.48040873687,73.4119598703451,0.0,66.865
0.0,0.0016440056991654792,-5463.0862894384845,67.90281224759245,0.0,64.616
0.0,0.0019495471198860165,-7371.223869793302,79.10773783909495,0.0,76.625
0.0,0.0018021066558111132,-5727.118368873181,79.17068139914068,0.0,70.83
0.0,0.0018915631996743337,-6805.662656950321,76.60695665570545,0.0,74.346
0.0,0.002083223081620192,-6391.273689829642,105.8478100624482,0.0,81.879
0.0,0.001897796661917362,-6929.711788676407,83.20947582961018,0.0,74.591
0.0,0.0020927895379605132,-7732.360912143545,93.97841143308008,0.0,82.255
0.0,0.0019152503561978428,-6382.275250693906,92.20678695773266,0.0,75.277
0.0,0.002109047425198453,-8637.4092139031,91.14963982885197,0.0,82.894
0.0,0.0021490179116629353,-8909.17659839083,88.41301164611573,0.0,84.465
0.0,0.0019924689599023003,-7731.640564615922,86.1322576087194,0.0,78.312
0.0,0.0018552310197435375,-6368.483202091459,79.03750929146587,0.0,72.918
0.0,0.001812767148381844,-6562.901536311826,74.55872735821355,0.0,71.249
0.0,0.0017775544473844901,-6305.131773886552,80.05372842127016,0.0,69.865
0.0,0.0018094087115815185,-5920.043243434006,75.26904543410782,0.0,71.117
0.0,0.0016493995522084265,-5234.722263323724,73.10901572473784,0.0,64.828
0.0,0.0017533838795033582,-6042.754099980984,69.69088759801947,0.0,68.915
0.0,0.002217891308772644,-9230.89929474305,91.36615772112988,0.0,87.172
0.0,0.0021905658457154493,-8887.17541023336,95.10686188412167,0.0,86.098
0.0,0.00202590067168736,-8680.535118195183,81.89536011691587,0.0,79.626
0.0,0.00216145939344596,-9172.273214283921,91.85331064589369,0.0,84.954
0.0,0.0020318542641970284,-6749.597476818179,99.18722828004611,0.0,79.86
0.0,0.0013648229187868922,-3040.3629414933052,66.75833685695925,0.0,53.643
0.0,0.0018413138611846124,-6078.694284096012,78.15160730006531,0.0,72.371
0.0,0.0019339761856299615,-7173.385151619826,76.87524539002469,0.0,76.013
0.0,0.002022923875432526,-8193.749572178647,81.31890994408191,0.0,79.509
0.0,0.0021643853042947283,-9043.71258195946,102.1730600595114,0.0,85.069
0.0,0.0022720079381233463,-10375.049607642779,95.53820983826765,0.0,89.299
0.0,0.0020729951150010176,-9016.0435340989,91.0061083600693,0.0,81.477
0.0,0.0018407795644209241,-6407.000381091203,72.2064627900399,0.0,72.35
0.0,0.0019496997761042133,-8015.2177800807785,69.43617118950225,0.0,76.631
0.0,0.0022544779157337674,-9381.70413011482,104.42097618228287,0.0,88.61
0.0,0.001993486668023611,-7425.280518809731,82.55828316832091,0.0,78.352
0.0,0.001944662120903725,-7102.983521905354,78.61887584992327,0.0,76.433
0.0,0.0018662477101567272,-6957.148361354316,78.3676366547696,0.0,73.351
0.0,0.001785212700997354,-6097.529727026441,79.00410324486779,0.0,70.166
0.0,0.0017108945654386322,-5843.344577389574,68.05362780182342,0.0,67.245
0.0,0.0021629350702218604,-9214.5690950058,83.11759111720518,0.0,85.012
0.0,0.002105205577040505,-9403.357197900721,79.56713087441251,0.0,82.743
0.0,0.0018160746997761042,-6024.2362887049685,82.06714327491046,0.0,71.379
0.0,0.002065845715448809,-7869.346987706699,97.18347378378147,0.0,81.196
0.0,0.002054192957459801,-8644.310056344648,90.69396793116907,0.0,80.738
0.0,0.0019565438632200287,-7330.895432258306,80.33549770172213,0.0,76.9
0.0,0.0017805312436393241,-5886.860967222721,72.59404398130047,0.0,69.982
0.0,0.0017501780989212295,-5710.588863607928,70.36987550337695,0.0,68.789
0.0,0.001947613474455526,-6127.579086204391,93.41828117501468,0.0,76.549
0.0,0.0017586759617341746,-6146.373696089932,75.35527391368129,0.0,69.123
0.0,0.0018547984937919806,-6685.3568384810005,86.32274294964772,0.0,72.901
0.0,0.0018236820679829024,-6465.9004694955665,77.86607023935177,0.0,71.678
0.0,0.001990458986362711,-8051.670404484611,77.19733938424304,0.0,78.233
0.0,0.0018783075513942602,-6391.420641432898,76.69337910469136,0.0,73.825
0.0,0.0017928709546102177,-5858.416669209026,79.034141576352,0.0,70.467
0.0,0.0018114186851211074,-6047.150088419501,74.10589846160171,0.0,71.196
0.0,0.0018054396499084062,-6113.805369727563,77.38090613330341,0.0,70.961
0.0,0.0020981833910034605,-8255.956877572473,79.69778067174444,0.0,82.467
0.0,0.001824292692855689,-6103.054243881132,79.4563986188816,0.0,71.702
0.0,0.0020653877467942195,-8278.992970070889,78.80128535100951,0.0,81.178
0.0,0.0017664868715652352,-5247.943711273784,79.26749665766043,0.0,69.43
0.0,0.001647898432729493,-5072.632821116124,70.08675352964384,0.0,64.769
0.0,0.0018108589456543864,-5684.737120533582,70.81458334378115,0.0,71.174
0.0,0.0018379045389782212,-6180.933711482389,79.1655529116103,0.0,72.237
0.0,0.002035009159373092,-7270.436695758998,90.79791132721658,0.0,79.984
0.0,0.0020855892530022395,-7677.450805717455,99.45386657841519,0.0,81.972
0.0,0.002118155912884185,-8918.308494353523,89.64212542072272,0.0,83.252
0.0,0.0019675605536332175,-7747.5360963864405,88.53328830527707,0.0,77.333
0.0,0.002159118664766945,-9116.027175469753,87.9232215655853,0.0,84.862
0.0,0.0020526663952778338,-8985.869896347553,82.86599568454872,0.0,80.678
0.0,0.002319738449012823,-12047.614751875177,101.9154473364431,0.0,91.175
0.0,0.002293303480561775,-10458.488783565957,89.98453660419348,0.0,90.136
0.0,0.001828261754528801,-6671.34231060113,69.67607942679754,0.0,71.858
0.0,0.0018734225524119684,-6384.477470168184,81.62229250805939,0.0,73.633
0.0,0.0019341033991451253,-7352.642848266646,78.75069405451522,0.0,76.018
0.0,0.0019111286383065337,-6566.586109798551,86.66128593190491,0.0,75.115
0.0,0.0019896702625686953,-8022.188510604913,87.95938870628122,0.0,78.202
0.0,0.0017920567881131691,-6071.91256498432,68.09333497243124,0.0,70.435
0.0,0.0017318593527376348,-5790.975211448125,68.22088106502085,0.0,68.069
0.0,0.00200211174435172,-7915.21059350403,85.21339690621005,0.0,78.691
0.0,0.0019350956645634032,-7321.440070266053,76.38077503304432,0.0,76.057
0.0,0.0018480307347852635,-6360.927099301098,76.28523457535834,0.0,72.635
0.0,0.002047934052513739,-8515.046558915874,92.40101762099604,0.0,80.492
0.0,0.0021620191329126807,-9500.855644846066,92.25319631975049,0.0,84.976
0.0,0.0017046865458986362,-5875.335290654831,73.052714953432,0.0,67.001
0.0,0.0016239822918786896,-4757.7375305684845,69.86625476337417,0.0,63.829
0.0,0.002009032159576633,-7577.142954817761,82.51872768996061,0.0,78.963
0.0,0.001735701200895583,-5976.569974528576,68.99382268958799,0.0,68.22
0.0,0.0017091899043354367,-5935.580322652021,75.82143413045758,0.0,67.178
0.0,0.00172906065540403,-5746.203522829035,74.96440419802377,0.0,67.959
0.0,0.001657999185833503,-5353.0333578725895,65.41518902126438,0.0,65.166
0.0,0.0017090881335233058,-6064.390846945957,76.62733616224429,0.0,67.174
0.0,0.002058798086708732,-8597.831610435329,83.93389507724214,0.0,80.919
0.0,0.0023310604518624062,-10278.195554337297,90.13109965497331,0.0,91.62
0.0,0.0019031141868512112,-6559.320182239155,81.75899108393773,0.0,74.8
0.0,0.0022148381844087116,-9797.51435821429,97.97562760166677,0.0,87.052
0.0,0.0021341848157948296,-9777.285358018082,92.01964170185327,0.0,83.882
0.0,0.002014807653165072,-7204.348829242114,88.81890070209981,0.0,79.19
0.0,0.002090219824954203,-8201.600350887407,82.63568319197134,0.0,82.154
0.0,0.0021124313047018116,-8339.935604565211,81.21747235375486,0.0,83.027
0.0,0.0018180592306126602,-6325.435553349821,71.19230702110535,0.0,71.457
0.0,0.001995445756157134,-7634.633290916393,81.05281637652288,0.0,78.429
0.0,0.0018208070425401997,-6572.0242323058355,77.59375331685686,0.0,71.565
0.0,0.0016647923875432527,-5411.81830566287,75.29553630246785,0.0,65.433
0.0,0.002000712395684918,-7940.394164466836,94.21136782312183,0.0,78.636
0.0,0.0017960512924893141,-6022.793969955689,76.03130712490464,0.0,70.592
0.0,0.0017616273152859761,-5880.557964836979,80.52598118303555,0.0,69.239
0.0,0.0017607877060858946,-6521.335669644104,73.37215346102143,0.0,69.206
0.0,0.002251704661103196,-9469.494518182553,89.07335631078337,0.0,88.501
0.0,0.0021100396906167315,-8748.693125038624,89.66002051139904,0.0,82.933
0.0,0.0018797069000610622,-6375.2958376480055,82.02260788546604,0.0,73.88
0.0,0.0018584368003256666,-7135.435366564685,73.01708885143621,0.0,73.044
0.0,0.0020226694484021986,-7639.475749876272,84.31374051324255,0.0,79.499
0.0,0.002282210462039487,-10644.077235280287,95.6315488201574,0.0,89.7
0.0,0.0020666344392428248,-8960.296496316365,82.42098455830082,0.0,81.227
0.0,0.001767606350498677,-5765.769274050608,86.31131199773097,0.0,69.474
0.0,0.0018969570527172807,-6768.463800213163,83.04112926110014,0.0,74.558
0.0,0.0018401689395481377,-6704.24769828303,80.25459895179168,0.0,72.326
0.0,0.0018941837980867087,-7372.782153208991,79.8887603729249,0.0,74.449
0.0,0.002166395277834317,-9520.941740545599,81.14204950765735,0.0,85.148
0.0,0.0022298239364950127,-9263.585475366152,93.29157130801919,0.0,87.641
0.0,0.0022944992876043156,-10058.151167875298,98.37470797262755,0.0,90.183
0.0,0.0022374313047018118,-10454.733241084457,82.7195121423196,0.0,87.94
0.0,0.002027579890087523,-8261.272483006069,77.55261497345778,0.0,79.692
0.0,0.0016733156930592305,-5033.670578399063,75.47530643107794,0.0,65.768
0.0,0.00174577651129656,-5866.881764605729,72.21720528719334,0.0,68.616
0.0,0.002042438428658661,-8104.753049670879,82.72899095063394,0.0,80.276
0.0,0.0018608792998168124,-6723.106730634487,85.16472565065716,0.0,73.14
0.0,0.002008879503358437,-7451.475650770113,85.28363630943342,0.0,78.957
0.0,0.0020439904335436596,-8489.379882138108,78.01916126742002,0.0,80.337
0.0,0.0018067372277630778,-6178.136629907167,75.76844231622965,0.0,71.012
0.0,0.0016124567474048441,-5161.74264646152,71.1902837680293,0.0,63.376
0.0,0.001820094646855282,-6243.095400872642,71.46662572159853,0.0,71.537
0.0,0.0021489415835538365,-10377.525634959635,88.95431119371125,0.0,84.462
0.0,0.0018579279462650113,-7204.369907806505,74.17205229194748,0.0,73.024
0.0,0.001768166089965398,-6385.1071399557795,68.80576153488741,0.0,69.496
0.0,0.0017054498269896195,-6015.582731766629,67.4323871235417,0.0,67.031
0.0,0.0019396499084062694,-7350.656558196754,89.53165594402826,0.0,76.236
0.0,0.002066303684103399,-8621.519475416304,87.72009162491076,0.0,81.214
0.0,0.0018549257073071442,-6373.78852289772,77.60505616648624,0.0,72.906
0.0,0.0021208273967026257,-8448.183356236386,91.80880128573388,0.0,83.357
0.0,0.0017674536942804803,-5344.242534363752,78.89055958095119,0.0,69.468
0.0,0.0018928353348259721,-6852.621882473165,76.33043636352144,0.0,74.396
0.0,0.001819382251170364,-5810.562028612193,90.06008681706433,0.0,71.509
0.0,0.0016324801546916342,-5363.842882793643,75.26794734951096,0.0,64.163
0.0,0.0017200793812334623,-5314.831710427263,74.29304479510114,0.0,67.606
0.0,0.00171445654386322,-5499.516085919217,83.94296633281202,0.0,67.385
0.0,0.0021588133523305518,-8880.034364559117,86.46255549656404,0.0,84.85
0.0,0.0019673061266028903,-8158.505477777155,76.12590606985098,0.0,77.323
0.0,0.001917743741095054,-7257.196416050609,84.85965251484997,0.0,75.375
0.0,0.0017726185629961327,-5536.015559317883,77.9126397481318,0.0,69.671
0.0,0.0017681152045593322,-6086.071345300986,80.00283361245555,0.0,69.494
0.0,0.00211370343985345,-8996.08650876918,89.81377419902861,0.0,83.077
0.0,0.0022173824547119885,-9797.363646296062,91.78145335837095,0.0,87.152
0.0,0.002454279462650112,-12828.939433062247,101.88634578333863,0.0,96.463
0.0,0.002212599226541828,-9211.941923173588,98.5538448061337,0.0,86.964
0.0,0.0020961734174638714,-7965.117548113646,88.65888407006723,0.0,82.388
0.0,0.0022540453897822105,-9764.929022811695,88.75685915211722,0.0,88.593
0.0,0.0020434815794830048,-7633.5446633081465,84.80179087230219,0.0,80.317
0.0,0.001947944229594952,-7177.909221464374,86.08724383154465,0.0,76.562
0.0,0.001827600244249949,-6214.05205671915,86.60975064183725,0.0,71.832
0.0,0.0020599938937512718,-7528.413701195657,96.85115038074751,0.0,80.966
0.0,0.0019247659271320985,-7282.7794813220635,82.67634438562669,0.0,75.651
0.0,0.002080119071850194,-8165.361251159742,99.23171739924057,0.0,81.757
0.0,0.002105485446773865,-8654.203974014717,93.05240109960874,0.0,82.754
0.0,0.002025417260329737,-8141.024329445304,81.388590118546,0.0,79.607
0.0,0.0018119784245878283,-6141.159908302579,75.99115318591711,0.0,71.218
0.0,0.0019425249338489723,-7096.156423849443,81.74873514158043,0.0,76.349
0.0,0.002090728679014859,-8327.70506055717,83.44023651895519,0.0,82.174
0.0,0.002132658253612864,-9083.495442188188,87.91384442620006,0.0,83.822
0.0,0.001959291675147568,-7679.858200058471,74.3653106646221,0.0,77.008
0.0,0.0017557754935884388,-5511.659754476725,75.70871465787913,0.0,69.009
0.0,0.0018274730307347852,-5976.227884841779,78.66793922095005,0.0,71.827
0.0,0.001928887645023407,-6869.349720814984,85.7451108362241,0.0,75.813
0.0,0.0018004274374109506,-6041.947088282714,75.43064498209704,0.0,70.764
0.0,0.0019135711377976797,-7106.532418277891,79.52027544860451,0.0,75.211
0.0,0.0018022593120293102,-5996.047558472428,76.24654428686732,0.0,70.836
0.0,0.001940769387339711,-7146.187118538892,75.41374249262093,0.0,76.28
0.0,0.0015834775086505189,-4610.681277202478,66.96390186322427,0.0,62.237
0.0,0.0016788113169143091,-5217.105669027297,72.41198949096092,0.0,65.984
0.0,0.0020254935884388356,-7378.425331878373,89.3141754828879,0.0,79.61
0.0,0.0021457612456747405,-9545.711834824251,89.6670791882636,0.0,84.337
0.0,0.002504248931406473,-11962.31272915461,107.30115357543941,0.0,98.427
0.0,0.001967687767148382,-7843.51521626299,79.89806848217962,0.0,77.338
0.0,0.0014716568288214939,-4298.7425755604945,61.496375049814304,0.0,57.842
0.0,0.0017893853042947284,-6375.479643507309,69.22007621379049,0.0,70.33
0.0,0.0021976898025646246,-9526.443606261762,89.81333077471069,0.0,86.378
0.0,0.001960258497862813,-7212.441552847981,82.48992346585835,0.0,77.046
0.0,0.001998855078363525,-7899.931831687928,90.23431057700003,0.0,78.563
0.0,0.0020125432525951556,-7543.963312451368,80.32212410722703,0.0,79.101
0.0,0.0019817575819255037,-7163.019271464663,91.01519116993161,0.0,77.891
0.0,0.002130800936291472,-8389.651242174628,90.32877267400961,0.0,83.749
0.0,0.0018747964583757377,-6351.584609128259,81.38035934202999,0.0,73.687
0.0,0.0020460004070832483,-8519.900918519064,78.92026989363995,0.0,80.416
0.0,0.0018392530022389576,-6804.9755679285745,76.27458498501143,0.0,72.29
0.0,0.0017095715448809281,-5474.094248591339,70.65670761736075,0.0,67.193
0.0,0.001902681660899654,-7335.342105734571,78.5271655691428,0.0,74.783
0.0,0.0018900111947893342,-7177.556979243799,73.10405790143655,0.0,74.285
0.0,0.0018169143089761858,-6177.454554977884,78.59655459030688,0.0,71.412
0.0,0.0017638153877467943,-6038.096638267258,77.54628138737932,0.0,69.325
0.0,0.0018243435782617544,-6188.009134777764,71.1947549194504,0.0,71.704
0.0,0.0017464889069814778,-5647.053892234731,79.19649048949849,0.0,68.644
0.0,0.0019968451048239366,-7160.589167469152,91.32664920708234,0.0,78.484
0.0,0.002037120903724812,-8885.69637937858,89.3072058923883,0.0,80.067
0.0,0.0018654081009566456,-7491.61844424334,80.26598517594158,0.0,73.318
0.0,0.0018243690209647871,-6640.122491825153,80.03123391523248,0.0,71.705
0.0,0.0017751119478933441,-5897.517425981677,73.97207248810447,0.0,69.769
0.0,0.0020872175859963362,-8374.166019924503,94.01538635731585,0.0,82.036
0.0,0.0016709749643802156,-5288.88145702315,72.98158697442952,0.0,65.676
0.0,0.0016900569916547933,-5584.009548364577,69.2979683205627,0.0,66.426
0.0,0.0021858843883574186,-8704.169717766275,85.6461251113067,0.0,85.914
0.0,0.0019075157744758804,-7809.413075017141,70.48066925172768,0.0,74.973
0.0,0.0021571341339303887,-9579.329679100618,105.11945344911588,0.0,84.784
0.0,0.002268674944026053,-10132.801505861391,93.83140438763529,0.0,89.168
0.0,0.0020180134337472017,-7944.902205868872,89.61924493849085,0.0,79.316
0.0,0.002080042743741095,-7904.21956674615,90.52134551998239,0.0,81.754
0.0,0.001860039690616731,-6360.519477842169,77.04835136534524,0.0,73.107
0.0,0.0018244962344799514,-6571.950194071736,72.11183895941332,0.0,71.71
0.0,0.001860930185222878,-6869.661233682447,78.37323131493783,0.0,73.142
0.0,0.0020390291064522692,-7771.268977112437,81.87603364435164,0.0,80.142
0.0,0.0018449776104213311,-6397.2240623336065,76.76974021952837,0.0,72.515
0.0,0.0016995725625890495,-5406.11777332899,73.21665397915207,0.0,66.8
0.0,0.0017076378994504377,-6019.483178775251,69.50221434145101,0.0,67.117
0.0,0.0020299206187665377,-7872.939523366065,80.60688881424683,0.0,79.784
0.0,0.001963337064929778,-7877.533888316231,85.58959030111113,0.0,77.167
0.0,0.001680719519641767,-4659.745803549329,86.81513548836624,0.0,66.059
0.0,0.0017694382251170365,-6237.054338091787,74.54277082060531,0.0,69.546
0.0,0.0019060400976999795,-7519.721293120189,80.28137170087669,0.0,74.915
0.0,0.002084902300020354,-8146.498737501416,96.08494322092628,0.0,81.945
0.0,0.002128689191939752,-8991.927996664575,87.43117945750419,0.0,83.666
0.0,0.0018641614085080397,-6866.880534018047,75.65941119177332,0.0,73.269
0.0,0.001827396702625687,-6096.934681583822,81.14142200949104,0.0,71.824
0.0,0.0018518216975371463,-5894.4089331054665,82.75089894958332,0.0,72.784
0.0,0.0017987736617138205,-5492.1777073315825,90.41318547552193,0.0,70.699
0.0,0.0016427844494199065,-4727.819545088815,76.60043583145665,0.0,64.568
0.0,0.0014503612863830653,-3749.3517345114424,65.95196863254121,0.0,57.005
0.0,0.001479849379198046,-4577.563436786847,61.49619452442152,0.0,58.164
0.0,0.0020578312639934868,-8099.540040505719,92.47434204606299,0.0,80.881
0.0,0.0018440107877060858,-6171.353630620691,79.88799254242299,0.0,72.477
0.0,0.001796941787095461,-5684.539018010576,79.58031707968283,0.0,70.627
0.0,0.001823707510685935,-6695.957426725756,82.91652287815823,0.0,71.679
0.0,0.0019436952981884796,-6968.992763951257,88.29886576085124,0.0,76.395
0.0,0.0017770964787299003,-6814.4268559065085,80.22575403268777,0.0,69.847
0.0,0.00152801241603908,-4362.148156001287,66.82907221508164,0.0,60.057
0.0,0.0021680999389375125,-9008.81329031714,94.45782128626537,0.0,85.215
0.0,0.001876348463260737,-7323.70397897351,79.9118457078599,0.0,73.748
0.0,0.0020302768166089967,-8617.633538925256,78.65963342043429,0.0,79.798
0.0,0.001940235090576023,-7332.484364713103,76.14512454335603,0.0,76.259
0.0,0.002188428658660696,-9791.296393834267,83.87912971450417,0.0,86.014
0.0,0.0016415886423773662,-5681.084996652371,65.94283017926345,0.0,64.521
0.0,0.001818084673315693,-6500.105881674916,78.37139213055028,0.0,71.458
0.0,0.0020900417260329737,-8587.744520482429,102.11183822140582,0.0,82.147
0.0,0.0019644056584571545,-7365.994684287671,83.41918990669441,0.0,77.209
0.0,0.001768954813759414,-5746.522982437597,80.11961564280728,0.0,69.527
0.0,0.0018523305515978018,-6466.9156750803695,74.68021937188108,0.0,72.804
0.0,0.0020341186647669447,-8478.84315450206,75.14950549575052,0.0,79.949
0.0,0.002071519438225117,-7872.466290970388,98.41169422584572,0.0,81.419
0.0,0.00196114899246896,-7206.747654696729,82.27303168727322,0.0,77.081
0.0,0.0017327244046407488,-5320.71918448515,76.33348484353586,0.0,68.103
0.0,0.001921407490331773,-7460.831080100309,83.43588248083846,0.0,75.519
0.0,0.0016983767555465092,-5988.092969694186,66.50108076171372,0.0,66.753
0.0,0.0020234072867901486,-7614.200644722868,87.97872029524174,0.0,79.528
0.0,0.0019642530022389577,-7483.8724418139045,81.80150584111024,0.0,77.203
0.0,0.0018414410746997762,-6996.033439214228,79.22531596623935,0.0,72.376
0.0,0.0019829025035619785,-7466.9014337538765,84.4046945945534,0.0,77.936
0.0,0.0017766130673722775,-6267.500389084788,65.17615544404447,0.0,69.828
0.0,0.002189446366782007,-8754.057393032237,86.18492935085547,0.0,86.054
0.0,0.0019626755546509264,-7358.962841124292,81.06509685562163,0.0,77.141
0.0,0.0021115153673926315,-9179.543939988474,83.92736242828967,0.0,82.991
0.0,0.001681355587217586,-5328.761554225437,72.68536943542078,0.0,66.084
0.0,0.0017390596376959087,-5776.071332257548,69.48170028988066,0.0,68.352
0.0,0.002063352330551598,-8506.373100269053,83.13121231397439,0.0,81.098
0.0,0.0019315082434357826,-7291.392922460934,75.53434614038945,0.0,75.916
0.0,0.0016557856706696517,-5017.732001919838,70.43573994232199,0.0,65.079
0.0,0.0019122735599430083,-6867.519126001561,82.29082253845276,0.0,75.16
0.0,0.0019471555058009362,-7319.12190064167,89.3771524328244,0.0,76.531
0.0,0.001964787299002646,-7032.119897870305,85.25796119628825,0.0,77.224
0.0,0.0023447740687970687,-9750.04951336502,103.96894710779691,0.0,92.159
0.0,0.0024363169143089766,-12298.076714964387,96.22816131172874,0.0,95.757
0.0,0.00198282617545288,-7130.774760628261,93.23537874506277,0.0,77.933
0.0,0.0018470384693669857,-6021.300279088201,75.87795884230492,0.0,72.596
0.0,0.0017054498269896195,-5634.161992109284,76.58806128399624,0.0,67.031
0.0,0.001635406065540403,-5038.702609330094,69.6831813679902,0.0,64.278
0.0,0.001897822104620395,-7333.170803100281,81.01171495567692,0.0,74.592
0.0,0.0018448758396092003,-7060.668357729692,83.82877625376754,0.0,72.511
0.0,0.0018867799715041724,-6558.460222094934,79.12367627865561,0.0,74.158
0.0,0.0017829737431304701,-6115.38868803831,69.2940641371838,0.0,70.078
0.0,0.0016910746997761041,-5060.482571072269,77.4269760639829,0.0,66.466
0.0,0.0018553582332587015,-6034.040770778632,76.97996836422786,0.0,72.923
0.0,0.0019802819051496032,-6523.593893990491,105.68296990702956,0.0,77.833
0.0,0.0020788469366985547,-8352.975249546495,84.99436571943274,0.0,81.707
0.0,0.001829711988601669,-6074.732824178109,78.10650981925407,0.0,71.915
0.0,0.0017879605129248932,-5218.860389839392,80.4456364260658,0.0,70.274
0.0,0.001703694280480358,-5599.176490844195,75.5362547481595,0.0,66.962
0.0,0.001794957256258905,-5611.3953179928,79.08309562283394,0.0,70.549
0.0,0.0018246234479951148,-6808.682090246519,71.696065371233,0.0,71.715
0.0,0.0020295135355180138,-7875.846838506259,95.46850828839216,0.0,79.768
0.0,0.0021215652350905756,-8537.912884846555,85.64514447035205,0.0,83.386
0.0,0.0017365662527986973,-5430.430730190598,78.88984011415747,0.0,68.254
0.0,0.0016724251984530838,-5654.379292699559,72.73394252867706,0.0,65.733
0.0,0.0019589100346020763,-7967.035588840435,89.13410856969068,0.0,76.993
0.0,0.0019006716873600652,-7264.165398923516,86.10395715519623,0.0,74.704
0.0,0.0018220282922857725,-6634.247284495635,70.74055060931472,0.0,71.613
0.0,0.0017734327294931813,-5760.0852767621045,76.92523405189844,0.0,69.703
0.0,0.00219351719926725,-9315.742502861647,92.56950973421964,0.0,86.214
0.0,0.0021873091797272545,-9302.355594217841,97.90816732363518,0.0,85.97
0.0,0.0020776765723590474,-7883.579372495211,94.91902549154219,0.0,81.661
0.0,0.002283737024221453,-9369.206985265262,117.38873912208317,0.0,89.76
0.0,0.0023238856096071646,-10353.381422988743,90.02211203777529,0.0,91.338
0.0,0.0019408711581518421,-6968.245536972081,74.910773389241,0.0,76.284
0.0,0.0017207663342153467,-5929.084844564118,73.24973083497885,0.0,67.633
0.0,0.0020677030327702016,-8347.449109238662,87.40659365169087,0.0,81.269
0.0,0.0019358335029513536,-7271.299777878055,80.8434799870338,0.0,76.086
0.0,0.0016672094443313658,-5218.7730396101315,77.93091763423179,0.0,65.528
0.0,0.0018521778953796053,-7383.83468490827,72.16138284976822,0.0,72.798
0.0,0.0019033686138815388,-6533.937227042261,73.55517348652194,0.0,74.81
0.0,0.0018820476287400773,-7171.9321926366,78.8662205458129,0.0,73.972
0.0,0.0018545440667616527,-6925.525644974438,75.88677109908564,0.0,72.891
0.0,0.0018046763688174233,-6348.271155946249,75.00879704783975,0.0,70.931
0.0,0.0018674180744962343,-6584.391488603443,81.14297340714707,0.0,73.397
0.0,0.0018518725829432122,-6458.636298864194,76.062036949787,0.0,72.786
0.0,0.0018011398330958683,-6561.369638575954,71.38657391387981,0.0,70.792
0.0,0.0018411866476694483,-6779.744652596802,85.07329380630839,0.0,72.366
0.0,0.0016648687156523509,-5110.949486421755,71.80555151472461,0.0,65.436
0.0,0.0018622532057805824,-6153.247582433241,85.53361545059403,0.0,73.194
0.0,0.0020739364950132302,-7874.844581854189,84.19398389081915,0.0,81.514
0.0,0.0020742672501526563,-8576.009879768837,96.26309407841542,0.0,81.527
0.0,0.0020328210869122736,-7756.862993998729,79.40599567611449,0.0,79.898
0.0,0.0018291776918379808,-6418.1506038502275,67.08667700630441,0.0,71.894
0.0,0.0017878078567066965,-6233.630742300316,67.39494857421035,0.0,70.268
0.0,0.001686240586199878,-5251.432008115933,80.20467732131335,0.0,66.276
0.0,0.0018801394260126196,-6306.2218683368665,90.88964193947841,0.0,73.897
0.0,0.0017796153063301444,-5809.384063278818,76.35521274763096,0.0,69.946
0.0,0.001925249338489721,-7011.970286750326,82.35415662209076,0.0,75.67
0.0,0.0017876043150824342,-5980.181130537034,77.71158008785258,0.0,70.26
0.0,0.0019934357826175454,-7839.500887029831,88.1985294779947,0.0,78.35
0.0,0.0020353653572155505,-8157.225995565917,89.3206782039923,0.0,79.998
0.0,0.0018993232240993286,-7050.593716266611,83.29865223765263,0.0,74.651
0.0,0.001921051292489314,-6742.212894203838,88.56495962969505,0.0,75.505
0.0,0.0019177946265011194,-6429.359939185519,86.32477663841995,0.0,75.377
0.0,0.001870903724811724,-6332.8019032391685,82.00172326497385,0.0,73.534
0.0,0.002071315896600855,-7716.166751935352,95.98573008841,0.0,81.411
0.0,0.0017123193568084674,-5245.462622103198,74.7563396378115,0.0,67.301
0.0,0.001984174638713617,-7760.261363831187,89.4011837152433,0.0,77.986
0.0,0.0019618359454508447,-7094.304289170589,87.41661045458513,0.0,77.108
0.0,0.002016207001831875,-7535.550763009626,85.13491158602224,0.0,79.245
0.0,0.002032617545288012,-7724.96153160662,96.2803770734522,0.0,79.89
0.0,0.0018714125788723795,-6903.201038849035,76.01719532516287,0.0,73.554
0.0,0.0020219570527172806,-7932.079461186771,81.63829959626187,0.0,79.471
0.0,0.0019595206594748625,-6792.777772752988,90.9258272573449,0.0,77.017
0.0,0.001953923264807653,-6857.280830273687,83.84228881792913,0.0,76.797
0.0,0.0018731681253816405,-6873.715208341162,76.12594617148508,0.0,73.623
0.0,0.002217407897415021,-9734.288337977105,91.45197773036375,0.0,87.153
0.0,0.0020695349073885606,-8248.268958884622,82.7541769306361,0.0,81.341
0.0,0.002194000610624873,-9407.848386441028,97.10425957718762,0.0,86.233
0.0,0.00211930083452066,-8069.038028789252,93.21810128443505,0.0,83.297
0.0,0.0020197689802564627,-7861.849207460282,79.1108893212981,0.0,79.385
0.0,0.0017467178913087725,-5838.420791246843,72.9601153905197,0.0,68.653
0.0,0.0016434714024017912,-4540.591147709627,80.25556838889048,0.0,64.595
0.0,0.001745903724811724,-5718.360043270215,72.96161670095891,0.0,68.621
0.0,0.0017265672705068186,-5443.590932852803,76.36276247156697,0.0,67.861
0.0,0.002237711174435172,-10136.702019733772,88.77940302574041,0.0,87.951
0.0,0.0021466262975778543,-8552.834412923741,87.78204881965699,0.0,84.371
0.0,0.002080755139426013,-7300.679422893826,94.2796340833775,0.0,81.782
0.0,0.0019905353144718096,-7762.435472312284,88.51919105641261,0.0,78.236
0.0,0.001736489924689599,-5771.169952758149,75.20412370000669,0.0,68.251
0.0,0.001647338693262772,-4839.599209171714,68.75110290419929,0.0,64.747
0.0,0.0019275900671687361,-6674.840987097662,78.33166940175485,0.0,75.762
0.0,0.001905556686342357,-6396.7644413459375,83.46345847551365,0.0,74.896
0.0,0.001832587014044372,-6414.173248667918,81.36378101132735,0.0,72.028
0.0,0.001804345613677997,-5925.429316596643,79.80266070425726,0.0,70.918
0.0,0.0018866527579890087,-6523.501267387354,74.76259612498033,0.0,74.153
0.0,0.0021286128638306535,-8809.657474701346,99.04712953411413,0.0,83.663
0.0,0.002227050681864441,-10019.057426468988,98.48226005822342,0.0,87.532
0.0,0.002013840830449827,-8502.3542303888,82.44295556294455,0.0,79.152
0.0,0.0017590067168736007,-5771.068430981992,70.30747530400303,0.0,69.136
0.0,0.0016552513739059639,-5085.062137047358,68.65643190709636,0.0,65.058
0.0,0.0017695399959291676,-5661.340210915376,84.51273851121141,0.0,69.55
0.0,0.001794855485446774,-5554.445328354635,81.57532668175251,0.0,70.545
0.0,0.002141181559128842,-8670.361296865602,98.59243499148155,0.0,84.157
0.0,0.0020735802971707713,-8316.349466323773,89.90701185378308,0.0,81.5
0.0,0.0019692397720333806,-6897.669809707084,96.4815626831155,0.0,77.399
0.0,0.0018231477712192144,-6016.830454789799,72.25724791681921,0.0,71.657
0.0,0.0019178963973132505,-7154.35287191275,76.89178898663224,0.0,75.381
0.0,0.0018253358436800325,-6687.230154628309,79.11305828855117,0.0,71.743
0.0,0.001924358843883574,-7594.223926413396,81.14597545964641,0.0,75.635
0.0,0.002019463667820069,-7567.417864318173,85.29761948794985,0.0,79.373
0.0,0.001381080806024832,-3307.5461089427026,63.3494515932534,0.0,54.282
0.0,0.0015463566049257074,-4172.706562308925,67.63145625619491,0.0,60.778
0.0,0.0015599430083452065,-4487.764926716265,64.73185539332006,0.0,61.312
0.0,0.0015924078974150215,-4534.743117960116,74.39821092741667,0.0,62.588
0.0,0.002001806431915327,-7796.157030444716,89.30058248703467,0.0,78.679
0.0,0.0020805770405047832,-8947.239017842472,95.63203862927786,0.0,81.775
0.0,0.0019527529004681457,-6908.132199989709,85.49967269386981,0.0,76.751
0.0,0.002211683289232648,-9202.629934178665,98.68867285099553,0.0,86.928
0.0,0.0021526053327905552,-8413.772169271426,109.56604377253157,0.0,84.606
0.0,0.0020573987380419294,-7149.10715124649,85.24313641536739,0.0,80.864
0.0,0.002043736006513332,-7221.790843059226,87.65010160962342,0.0,80.327
0.0,0.0019143344188886626,-7370.625422089249,71.18989973356723,0.0,75.241
0.0,0.002131182576836963,-9012.511497091,73.91317693594299,0.0,83.764
0.0,0.001766512314268268,-6261.528060191928,80.07122872624744,0.0,69.431
0.0,0.0018406269082027274,-6242.668611614899,76.69972374995653,0.0,72.344
0.0,0.0018656625279869733,-6911.030796275282,80.51581947305674,0.0,73.328
0.0,0.0018781803378790964,-6641.667881915643,88.56620031487398,0.0,73.82
0.0,0.0018944382251170361,-7150.9186431818,77.44761123533227,0.0,74.459
0.0,0.0020027986973336046,-7894.70607761747,95.49507504873011,0.0,78.718
0.0,0.001762619580704254,-5683.991060073711,80.30753933751484,0.0,69.278
0.0,0.0019482495420313456,-6981.430192787657,86.58663457047149,0.0,76.574
0.0,0.0019299562385507835,-6949.903860012972,80.04929048945938,0.0,75.855
0.0,0.001836810502747812,-6317.496729334319,75.80686783014522,0.0,72.194
0.0,0.0019452218603704457,-7052.171216868374,79.15136518584967,0.0,76.455
0.0,0.0019884235701200896,-7235.079240006914,89.22938913832411,0.0,78.153
0.0,0.0019834622430286992,-7567.577804857239,81.67280544489427,0.0,77.958
0.0,0.0020079890087522896,-7456.369718897894,84.26887085961295,0.0,78.922
0.0,0.0017508141664970486,-5848.040639898312,74.47717596205703,0.0,68.814
0.0,0.0019345104823936495,-6598.181962836417,85.43812824633628,0.0,76.034
0.0,0.0014747353958884592,-4095.6391866145223,63.181006848041974,0.0,57.963
0.0,0.0017795389782210463,-6343.240152357225,76.63393538724847,0.0,69.943
0.0,0.0017750865051903114,-5942.83188677234,81.75478801571543,0.0,69.768
0.0,0.0021114135965805006,-8473.58365416575,90.00772195208664,0.0,82.987
0.0,0.002087980867087319,-8363.784342129175,87.20793442886455,0.0,82.066
0.0,0.0021437767148381848,-8664.484141226254,88.89754800539347,0.0,84.259
0.0,0.0022129045389782213,-9424.617478019556,87.52658866581447,0.0,86.976
0.0,0.0020838591491960106,-8601.869862187661,78.49625448492908,0.0,81.904
0.0,0.0021419957256258904,-9180.536614065368,81.50985231366096,0.0,84.189
0.0,0.0020910594341542847,-9500.42139791061,90.56015882286437,0.0,82.187
0.0,0.0021504935884388353,-8920.648730057528,89.74193765678984,0.0,84.523
0.0,0.002114364950132302,-8693.609637249316,92.62138519565363,0.0,83.103
0.0,0.0022415275798900874,-9508.254672192845,98.20525333298372,0.0,88.101
0.0,0.0019609708935477304,-7565.80184976534,84.37911099703992,0.0,77.074
0.0,0.001650697130063098,-5424.6230553068835,66.37780671859574,0.0,64.879
0.0,0.0019057347852635864,-6682.217265509393,83.24377990153397,0.0,74.903
0.0,0.0016896753511093019,-5463.620550352001,72.61834974882751,0.0,66.411
0.0,0.0020305058009362914,-8375.404910277604,79.65817106424758,0.0,79.807
0.0,0.0018875686952981882,-6949.927125832569,80.15302219451401,0.0,74.189
0.0,0.0019257073071443109,-6941.050843430005,82.1479587679368,0.0,75.688
0.0,0.002101745369428048,-8175.238648402633,95.40648642027803,0.0,82.607
0.0,0.0021525544473844902,-8940.46122315843,92.74057357282483,0.0,84.604
0.0,0.0018837268471402402,-6305.701033875332,83.16958788161439,0.0,74.038
0.0,0.00159909932831264,-4703.862474494859,66.99116452410492,0.0,62.851
0.0,0.002143242418074496,-8403.913373208927,94.25665056110155,0.0,84.238
0.0,0.0017879605129248932,-5670.107902853792,73.93362903939651,0.0,70.274
0.0,0.0019825463057195195,-7329.750598147002,91.35402755273296,0.0,77.922
0.0,0.0018546203948707509,-6251.131547887669,80.22400913060297,0.0,72.894
0.0,0.0019327549358843883,-7380.328183492333,80.75049952653964,0.0,75.965
0.0,0.0018900620801954,-6532.935768573668,83.07361884020249,0.0,74.287
0.0,0.0018856096071646652,-6491.9405598301555,85.28298199284197,0.0,74.112
0.0,0.0018053378790962751,-5887.823236179041,81.61197522995478,0.0,70.957
0.0,0.0018776969265214736,-6221.6932120498395,74.12178130681967,0.0,73.801
0.0,0.0017403826582536128,-6306.072912599161,69.41426574040149,0.0,68.404
0.0,0.0016472114797476084,-5426.172605177928,64.32857510206419,0.0,64.742
0.0,0.0020110421331162222,-7111.8709473274685,79.82088138940246,0.0,79.042
0.0,0.001699063708528394,-5007.935012991037,75.46174526861712,0.0,66.78
0.0,0.0021416649704864643,-9713.917819950275,94.00114493798075,0.0,84.176
0.0,0.001902579890087523,-7248.017812802568,77.30517136212883,0.0,74.779
0.0,0.001923824547119886,-7079.0499649255,84.95017845551547,0.0,75.614
0.0,0.0016719926725015267,-4899.0255044623045,72.0069071290002,0.0,65.716
0.0,0.0020198961937716265,-7481.660155430465,86.46798002521314,0.0,79.39
0.0,0.002075183187461836,-8409.21045538359,85.52705272344492,0.0,81.563
0.0,0.0020298697333604723,-7504.983890556142,87.95967393666787,0.0,79.782
0.0,0.00210332281701608,-8264.186445910194,85.4101047587225,0.0,82.669
0.0,0.0017172297984937922,-5936.358700547056,71.45082564858895,0.0,67.494
0.0,0.0018977457765112966,-7441.918930301622,74.53381488187011,0.0,74.589
0.0,0.002093654589863627,-8405.13697811818,95.79110341620806,0.0,82.289
0.0,0.0021173926317932016,-8591.985074120961,96.05493786140822,0.0,83.222
0.0,0.0018237075106859353,-6506.201899394533,83.7835050722837,0.0,71.679
0.0,0.0018400671687360064,-5813.176227014528,87.30725644327383,0.0,72.322
0.0,0.0019017911662935073,-7409.28730697422,80.30877822446952,0.0,74.748
0.0,0.0017709647872990026,-6012.891830447532,75.83439377511576,0.0,69.606
0.0,0.0020599430083452063,-8036.04221002089,87.49632785427124,0.0,80.964
0.0,0.0016963667820069203,-5754.944080325086,70.48569578036427,0.0,66.674
0.0,0.0018478526358640343,-6894.780359923357,74.4557934347215,0.0,72.628
0.0,0.0016193771626297577,-5306.570583944045,70.17918155774278,0.0,63.648
0.0,0.001997353958884592,-7904.737223002963,87.29826471189375,0.0,78.504
0.0,0.002012645023407287,-7485.071606108243,77.90805678482634,0.0,79.105
0.0,0.0019158100956645633,-7152.460775412047,92.93808197977566,0.0,75.299
0.0,0.0017567932017097498,-7076.665604699126,69.24347835009763,0.0,69.049
0.0,0.001548290250356198,-4329.498195036534,68.9103619049864,0.0,60.854
0.0,0.001692016079788317,-5259.245410317336,74.78802490735735,0.0,66.503
0.0,0.001892606350498677,-6404.797809826646,88.29325894130223,0.0,74.387
0.0,0.0018403215957663343,-6375.3465005676635,81.75306433265642,0.0,72.332
0.0,0.0018652300020354164,-6201.242467120905,89.0333056670941,0.0,73.311
0.0,0.0016967229798493793,-5189.386403940731,71.01526203861965,0.0,66.688
0.0,0.0018306533686138818,-6318.571867352338,84.02484709207613,0.0,71.952
0.0,0.002236260940362304,-9976.585602412544,104.15575826776464,0.0,87.894
0.0,0.0022793354365967843,-10095.769665468062,86.4711928899432,0.0,89.587
0.0,0.0020432780378587417,-7782.944677932294,89.40804559994478,0.0,80.309
0.0,0.0018702676572359047,-6289.467712525949,84.736848462335,0.0,73.509
0.0,0.0018719977610421332,-7140.482909246458,76.14890324201426,0.0,73.577
0.0,0.0021875636067575817,-8985.677073186576,89.52808389766871,0.0,85.98
0.0,0.0022437665377569712,-8679.119214372564,93.37358732926586,0.0,88.189
0.0,0.002167820069204152,-9124.647737083907,86.93437300422373,0.0,85.204
0.0,0.0021037553429676366,-8600.157115422931,97.67623653451737,0.0,82.686
0.0,0.0020072002849582738,-7408.695351574579,86.75840750865592,0.0,78.891
0.0,0.0021179523712599227,-8610.823352428599,87.99718738488208,0.0,83.244
0.0,0.0023767809892122935,-10934.404437821478,110.77101519359437,0.0,93.417
0.0,0.0018731681253816405,-6267.499290792575,86.52970020731618,0.0,73.623
0.0,0.0019388357419092203,-7639.308129476405,73.69731938584312,0.0,76.204
0.0,0.0021019234683492772,-9235.773495297655,86.22440637047919,0.0,82.614
0.0,0.0020992265418278036,-8193.99502871628,87.65229887405818,0.0,82.508
0.0,0.002091262975778547,-8835.741748842851,82.13481334139848,0.0,82.195
0.0,0.002108385914919601,-8484.780323376968,93.97451441925348,0.0,82.868
0.0,0.0019520405047832284,-6892.013463170347,83.2217441562085,0.0,76.723
0.0,0.0018931152045593325,-6597.261734311738,80.03519349835938,0.0,74.407
0.0,0.002067932017097497,-6960.6556619266175,92.87116997659193,0.0,81.278
0.0,0.002017886220232038,-7015.062091251323,83.7925628382886,0.0,79.311
0.0,0.0019815031548951765,-7586.414022761291,76.82799699434155,0.0,77.881
0.0,0.0016821697537146348,-4957.099597388843,81.76767099493085,0.0,66.116
0.0,0.0021676165275798897,-9742.011574927777,85.07737684909884,0.0,85.196
0.0,0.002163494809688581,-8777.292678152111,90.79218764554828,0.0,85.034
0.0,0.0021903877467942196,-9605.226348813563,89.83528149277394,0.0,86.091
0.0,0.0019390392835334828,-7097.694208929299,90.61215905550469,0.0,76.212
0.0,0.0019038520252391616,-6903.543036726881,82.099884779793,0.0,74.829
0.0,0.001926292489314065,-7674.437062370993,81.44987084143527,0.0,75.711
0.0,0.0019226541827803785,-7737.521992060734,73.40797714448047,0.0,75.568
0.0,0.0020098463260736824,-7602.07612777571,81.30595321353874,0.0,78.995
0.0,0.0017720079381233463,-6183.76935891345,76.55510797893716,0.0,69.647
0.0,0.0020327702015062077,-8009.247255149548,84.55723497511472,0.0,79.896
0.0,0.0019824190922043557,-8631.367774460148,79.06174628465628,0.0,77.917
0.0,0.0020482139222470996,-7754.673215090384,91.96129747262987,0.0,80.503
0.0,0.0021551241603908,-8533.114686555744,94.47322989736917,0.0,84.705
0.0,0.001950055973946672,-7200.185221978326,91.78800815115028,0.0,76.645
0.0,0.0020642428251577446,-8917.821808348392,87.43988147333135,0.0,81.133
0.0,0.0021726287400773456,-9220.351692542154,89.58478530524808,0.0,85.393
0.0,0.00180134337472013,-6574.75686714179,82.03710033804408,0.0,70.8
0.0,0.0019501323020557704,-7047.306653331904,87.27403561253215,0.0,76.648
0.0,0.0021382810909831066,-9010.685674869987,84.99645636508814,0.0,84.043
0.0,0.0021558365560757175,-8101.5853030704175,97.21874284754298,0.0,84.733
0.0,0.001914410746997761,-6820.019751810469,82.04280306953818,0.0,75.244
0.0,0.0019287095461021778,-6839.623830812363,89.41558403166793,0.0,75.806
0.0,0.001940107877060859,-7062.187409882901,83.44237849339885,0.0,76.254
0.0,0.0019905607571748425,-7409.6236408974855,81.58413406902864,0.0,78.237
0.0,0.0018984072867901487,-6519.784121514016,89.92735664326725,0.0,74.615
0.0,0.001965677793608793,-7292.18133671075,83.90031891205578,0.0,77.259
0.0,0.0019348157948300428,-7280.252177213501,80.67739646344327,0.0,76.046
0.0,0.001912629757785467,-7596.851882935984,72.22274970892144,0.0,75.174
0.0,0.0016948147771219213,-5571.300600000336,73.00086956332134,0.0,66.613
0.0,0.0017119886016690414,-5481.403921617539,77.84429034963749,0.0,67.288
0.0,0.001758192550376552,-6177.360164843122,73.43953693697037,0.0,69.104
0.0,0.002010431508243436,-7193.14017744691,91.66796851239903,0.0,79.018
0.0,0.0019805617748829634,-7699.526116901787,74.05801858466482,0.0,77.844
0.0,0.0021456594748626096,-8773.959347514081,94.58490316505103,0.0,84.333
0.0,0.0020268420516995726,-7447.406438475167,89.23624771055472,0.0,79.663
0.0,0.0018565540403012418,-7373.399146085603,79.38509352205509,0.0,72.97
0.0,0.0017311978424587827,-5297.652146074236,72.84695740805968,0.0,68.043
0.0,0.001961912273559943,-7405.799707577476,85.16397398644511,0.0,77.111
0.0,0.0018540860981070629,-6223.989816268085,75.12872441915896,0.0,72.873
0.0,0.0018459444331365765,-7031.422696604796,77.4360421684997,0.0,72.553
0.0,0.0022545796865458987,-9585.273091356214,95.19098533636415,0.0,88.614
0.0,0.0023164054549155307,-10262.414388576504,103.85754216262045,0.0,91.044
0.0,0.0022332332587014047,-9375.56495423247,93.74017624046891,0.0,87.775
0.0,0.0021420720537349888,-8928.299048181092,92.16079024300736,0.0,84.192
0.0,0.0023369886016690418,-10445.07299915996,105.66881923375759,0.0,91.853
0.0,0.0024608436800325666,-10681.46855105554,104.41029903346228,0.0,96.721
0.0,0.0020633014451455324,-8475.294228866556,83.20527878217437,0.0,81.096
0.0,0.0018274730307347852,-6240.524576184664,79.11091330043367,0.0,71.827
0.0,0.0019233411357622635,-7510.606511302314,86.90770388589658,0.0,75.595
0.0,0.0018180592306126604,-6527.583697141212,77.31669774371564,0.0,71.457
0.0,0.0019602076124567475,-7657.590813971806,82.08612051761592,0.0,77.044
0.0,0.002157032363118258,-8422.523057376668,86.36149908802084,0.0,84.78
0.0,0.001584266232444535,-4746.99048151287,70.4069417571629,0.0,62.268
0.0,0.0018887899450437614,-7135.754136939025,72.90098737934517,0.0,74.237
0.0,0.0020249847343781803,-7620.897045744792,92.35460058235627,0.0,79.59
0.0,0.0019827498473437817,-6452.8512530334965,96.396877886648,0.0,77.93
0.0,0.001898712599226542,-6920.948594869021,78.56758531688155,0.0,74.627
0.0,0.002002824140036638,-8415.711779246683,81.00937841902767,0.0,78.719
0.0,0.001972420109912477,-7715.980216036724,78.24660405051047,0.0,77.524
0.0,0.0019000101770812131,-6643.2489017465605,88.19855339511786,0.0,74.678
0.0,0.0022420109912477102,-10110.844950950586,91.3182550838958,0.0,88.12
0.0,0.002157439446366782,-8766.529475202557,88.45889433609281,0.0,84.796
0.0,0.002089787299002646,-8261.43601820285,94.00712816815306,0.0,82.137
0.0,0.0017879350702218603,-5709.461341028545,73.31950853659815,0.0,70.273
0.0,0.0018087217585996335,-6428.572619375129,79.28893381495196,0.0,71.09
0.0,0.002127544270303277,-9160.420208489812,90.25911313269204,0.0,83.621
0.0,0.0018249287604315083,-6136.479632891777,78.15664524448768,0.0,71.727
0.0,0.0017846275188276005,-5999.241322647142,77.27824498860339,0.0,70.143
0.0,0.0018308060248320784,-6818.462108805163,79.57702253714343,0.0,71.958
0.0,0.0017812945247303075,-6279.848551818703,75.15426969955399,0.0,70.012
0.0,0.0018747964583757377,-6666.110111051515,83.95233434912467,0.0,73.687
0.0,0.0018307805821290452,-6218.760433557362,72.76871864210598,0.0,71.957
0.0,0.0017120903724811723,-5596.921843214172,68.99702524129084,0.0,67.292
0.0,0.0016848412375330755,-4888.923270570591,73.84948416087268,0.0,66.221
0.0,0.0016004223488703443,-4611.64866493013,73.35504264578384,0.0,62.903
0.0,0.0020349328312639936,-8533.687222562987,81.06106361037574,0.0,79.981
0.0,0.0019258599633625079,-7090.146078639788,78.74907447632913,0.0,75.694
0.0,0.0019600549562385507,-6592.435874110282,88.76903015823522,0.0,77.038
0.0,0.0019546611031956034,-6202.581839798321,92.7065174801542,0.0,76.826
0.0,0.0016996997761042133,-4870.356928771563,73.911798557593,0.0,66.805
0.0,0.0018054396499084062,-5611.231430305798,73.39997745951281,0.0,70.961
0.0,0.0018873397109708935,-6838.128163455349,80.06713687392293,0.0,74.18
0.0,0.0021035772440464074,-8080.166715841642,93.15296068861126,0.0,82.679
0.0,0.0020447791573376755,-8258.14921255751,83.02123747730063,0.0,80.368
0.0,0.0019057347852635864,-7279.346297590178,74.99664472942378,0.0,74.903
0.0,0.002025035619784246,-7916.926394743139,84.77500183917314,0.0,79.592
0.0,0.0017388815387746794,-5692.9998430905225,76.53289301927506,0.0,68.345
0.0,0.0021748676979442294,-8618.787965168007,96.3495462284603,0.0,85.481
0.0,0.0016910238143700385,-4864.804899684977,81.0843568777317,0.0,66.464
0.0,0.0016859861591695501,-5034.4699836231175,73.23829009493339,0.0,66.266
0.0,0.0017424435171992671,-5924.938221038345,71.40343555266679,0.0,68.485
0.0,0.001899475880317525,-7132.81192895793,77.62127472068546,0.0,74.657
0.0,0.0017682169753714635,-5667.765521124102,75.46927064817868,0.0,69.498
0.0,0.0015771931610014246,-4818.620117553638,78.0137398056108,0.0,61.99
0.0,0.001984276409525748,-7342.55733297739,90.46811325713742,0.0,77.99
0.0,0.0016631640545491555,-5364.115618972741,75.9465764133044,0.0,65.369
0.0,0.001967687767148382,-6371.124188358024,88.11727645627909,0.0,77.338
0.0,0.0018447231833910035,-6455.139201101659,82.74182193645848,0.0,72.505
0.0,0.0019832078159983716,-7293.306663553447,88.81274702588853,0.0,77.948
0.0,0.0016784042336657847,-5395.506427756787,75.09364544580065,0.0,65.968
0.0,0.0016843069407693873,-5798.259079052977,69.12721880283223,0.0,66.2
0.0,0.001641512314268268,-4944.45097898998,71.98846133209591,0.0,64.518
0.0,0.0017645277834317118,-5899.32245093143,71.14671960768096,0.0,69.353
0.0,0.0019083044982698963,-6464.783428660845,76.6758632862868,0.0,75.004
0.0,0.0020346275188276,-8766.250975806088,82.85726443572493,0.0,79.969
0.0,0.0019282006920415228,-8346.600658404162,70.96046415258775,0.0,75.786
0.0,0.0023056940769387337,-11151.416627794066,89.38647833876267,0.0,90.623
0.0,0.0021748422552411964,-9432.700930183239,101.01266623529466,0.0,85.48
0.0,0.0019437207408915123,-7306.5418229417355,83.78453213170546,0.0,76.396
0.0,0.0019684001628332993,-6989.195453628114,83.33094281362699,0.0,77.366
0.0,0.0018929879910441684,-6337.635568207148,85.87038276644907,0.0,74.402
0.0,0.0019210004070832488,-7749.639058120959,78.12313361786906,0.0,75.503
0.0,0.0019270048849989823,-7093.128943752798,85.87698084286646,0.0,75.739
0.0,0.0019933085691023816,-7096.553496314099,83.26678648156216,0.0,78.345
0.0,0.001878969061673112,-6432.470485488493,81.88488921438122,0.0,73.851
0.0,0.0019441532668430695,-7508.36178489092,74.8695873016421,0.0,76.413
0.0,0.0019170059027071038,-6798.409969912656,81.63205764773649,0.0,75.346
0.0,0.0019847598208833704,-8188.280297951196,76.06482543477254,0.0,78.009
0.0,0.0020461785060044775,-7828.2505227820575,89.75190794520988,0.0,80.423
0.0,0.0020474251984530837,-8577.439870942406,83.57714331662835,0.0,80.472
0.0,0.0020756920415224912,-8620.088237219941,86.05786855573788,0.0,81.583
0.0,0.0021398076531650725,-8311.75046655516,85.67684982691085,0.0,84.103
0.0,0.0019757022186037043,-7160.887084673131,78.5719751467655,0.0,77.653
0.0,0.0018018522287807856,-6140.831419921098,80.38454470702604,0.0,70.82
0.0,0.0019464431101160187,-7216.842962621156,81.27544899335649,0.0,76.503
0.0,0.0014637187054752697,-3857.0774968306355,64.77032219215556,0.0,57.53
0.0,0.0017216568288214939,-5769.054333424504,68.70192712992187,0.0,67.668
0.0,0.0022458273967026258,-9694.209575972534,93.92099102082595,0.0,88.27
0.0,0.0021016181559128837,-8350.536936215092,79.98377909567199,0.0,82.602
0.0,0.0021030175045796866,-8388.154806191862,88.97361933493988,0.0,82.657
0.0,0.0019373346224302872,-7395.901047227675,82.1483181829694,0.0,76.145
0.0,0.0019947842458782825,-7586.7181549313555,90.03582445607935,0.0,78.403
0.0,0.0018958121310808061,-7162.0284899638,90.98246053461128,0.0,74.513
0.0,0.0018748473437818034,-6869.527757528689,80.40987497548008,0.0,73.689
0.0,0.0019624211276205983,-7991.7598180197765,85.12628916510626,0.0,77.131
0.0,0.0022139731325055974,-9644.94885591312,84.17633683343648,0.0,87.018
0.0,0.0017766639527783431,-5821.213168497233,73.79459300372825,0.0,69.83
0.0,0.0021108792998168124,-7939.175336861506,102.91824896824674,0.0,82.966
0.0,0.001943542641970283,-7685.021325313175,77.63851317108276,0.0,76.389
0.0,0.001804600040708325,-6087.054129500397,74.08976354062496,0.0,70.928
0.0,0.0018253867290860982,-6775.862326528836,81.8281074570719,0.0,71.745
0.0,0.002051445145532261,-7910.16704648887,88.18255482423656,0.0,80.63
0.0,0.001843018522287808,-6154.371138805723,81.25387611092883,0.0,72.438
0.0,0.001845461021778954,-6224.3926970744715,74.21252639645783,0.0,72.534
0.0,0.0017719570527172806,-6296.148171267787,79.02890512551623,0.0,69.645
0.0,0.0018083146753511096,-6178.731583767427,74.50116553113904,0.0,71.074
0.0,0.001535975982088337,-4275.107847142699,65.0871976011817,0.0,60.37
0.0,0.0017249643802157541,-5588.23524929518,81.26054683385327,0.0,67.798
0.0,0.0019625228984327292,-6703.766843817981,89.89977240916264,0.0,77.135
0.0,0.0017739415835538368,-5953.835615060984,81.38979443056067,0.0,69.723
0.0,0.0021282566659881945,-9142.337929815349,79.43760459805995,0.0,83.649
0.0,0.0016603653572155506,-4985.783369806645,75.74934629958516,0.0,65.259
0.0,0.0019662120903724814,-6926.913301265098,90.06811839789886,0.0,77.28
0.0,0.002071519438225117,-7817.8156885385115,95.40756598403945,0.0,81.419
0.0,0.0019060909831060454,-6540.015726977518,82.8536065485394,0.0,74.917
0.0,0.002008217993079585,-9231.417341659286,65.99468198223599,0.0,78.931
0.0,0.0018730663545695094,-7340.357235906791,76.71265295018007,0.0,73.619
0.0,0.001901918379808671,-6805.195745322857,82.65882860117479,0.0,74.753
0.0,0.002029996946875636,-7559.7005256429275,79.44645737396642,0.0,79.787
0.0,0.0018164817830246286,-5906.8328339976715,77.84843626107968,0.0,71.395
0.0,0.001902350905760228,-6633.435259038779,86.45721544439114,0.0,74.77
0.0,0.0018711835945450846,-6291.364610158589,79.79128537680971,0.0,73.545
0.0,0.0019036230409118665,-7387.215510978607,78.60700860158724,0.0,74.82
0.0,0.0018220282922857725,-6235.734266235257,80.33331769084467,0.0,71.613
0.0,0.0019183034805617752,-6925.926836833439,82.89500420465652,0.0,75.397
0.0,0.0018916395277834316,-6401.97341230101,87.67133100865013,0.0,74.349
0.0,0.0017070527172806838,-5579.377024297183,80.75680294659568,0.0,67.094
0.0,0.0017076633421534706,-5205.63774162459,74.0164461079575,0.0,67.118
0.0,0.0019305414207205374,-6858.368184337167,80.86626845092259,0.0,75.878
0.0,0.0022771728068389984,-9584.996590725224,102.77789636427606,0.0,89.502
0.0,0.0019017148381844087,-6561.367543113547,88.19591636662476,0.0,74.745
0.0,0.0018679523712599227,-6565.714570381322,85.12109220731756,0.0,73.418
0.0,0.001828974150213719,-6728.142182773084,79.99449209131537,0.0,71.886
0.0,0.0018335029513535518,-6459.65485674597,78.04987021546356,0.0,72.064
0.0,0.0016244148178302465,-4774.8403370679525,83.10775782101355,0.0,63.846
0.0,0.0017165428455119072,-5411.080075227397,83.82892315619391,0.0,67.467
0.0,0.001765952574801547,-6208.480414369294,68.61470957018909,0.0,69.409
0.0,0.0020369173621005493,-7574.724277790175,88.80609827911918,0.0,80.059
0.0,0.0018399399552208426,-6435.847837942915,79.7810027622343,0.0,72.317
0.0,0.001607062894361897,-4760.562033756731,69.37964249833514,0.0,63.164
0.0,0.0015072511703643394,-4357.963936450419,63.26722125761287,0.0,59.241
0.0,0.0017032871972318339,-5301.626130475,68.32893985101285,0.0,66.946
0.0,0.001834368003256666,-6205.794942022056,79.7021668590165,0.0,72.098
0.0,0.0016205220842662326,-5123.958609717188,72.04693107045358,0.0,63.693
0.0,0.0017408151842051697,-5886.243320950687,70.87367348750543,0.0,68.421
0.0,0.0022424944026053326,-9311.902468484503,88.07450942866245,0.0,88.139
0.0,0.0018359200081416649,-6407.172080032185,83.7859767718052,0.0,72.159
0.0,0.002064624465703236,-7805.344102103727,83.07070071732456,0.0,81.148
0.0,0.0018525849786281295,-7082.086106336702,87.88387914162496,0.0,72.814
0.0,0.002120445756157134,-8853.528781229381,92.23182589942353,0.0,83.342
0.0,0.001912985955627926,-7197.875255739042,78.23010031836776,0.0,75.188
0.0,0.0018281090983106045,-5873.046444764841,88.62358998123369,0.0,71.852
0.0,0.001652579890087523,-5851.295042358214,73.26634032203806,0.0,64.953
0.0,0.0018794015876246691,-6726.185939679509,88.83325067328123,0.0,73.868
0.0,0.0018373956849175657,-6096.334821599925,73.18338706104583,0.0,72.217
0.0,0.00148613372684714,-3970.7196906623903,70.0441274932911,0.0,58.411
0.0,0.0017116324038265827,-5664.500301436059,69.89512419225865,0.0,67.274
